9 0.581773 0.153298 0.15185 0.0165045
9 0.612089 0.738696 0.358751 0.0218739
9 0.584312 0.193147 0.315974 0.0197525
9 0.579157 0.132693 0.188529 0.019768
9 0.597197 0.373551 0.444456 0.0206453
9 0.572879 0.677453 0.329927 0.0188908
9 0.781634 0.0980131 0.258538 0.0237758
9 0.590537 0.396061 0.425367 0.02158
9 0.576466 0.658488 0.335399 0.021013
9 0.583864 0.598286 0.308214 0.0186249
9 0.580756 0.172032 0.185482 0.018822
9 0.593072 0.521144 0.522102 0.0184932
9 0.579752 0.255103 0.315097 0.0237431
9 0.581593 0.232055 0.304517 0.0188081
9 0.585176 0.54222 0.206637 0.0226049
9 0.609249 0.448565 0.447588 0.0228966
9 0.582745 0.732395 0.438271 0.0223766
9 0.601397 0.500802 0.462407 0.0217274
9 0.577316 0.757613 0.285965 0.020717
9 0.604248 0.638532 0.30228 0.019404
4 0.593225 0.538137 0.55935 0.411843
9 0.616635 0.616367 0.403491 0.0186689
9 0.573842 0.718399 0.179271 0.0175014
9 0.581688 0.573818 0.470802 0.019591
4 0.596782 0.474416 0.553842 0.262641
9 0.581942 0.636355 0.39476 0.0191695
9 0.606582 0.350747 0.499687 0.0216104
9 0.611916 0.42568 0.454946 0.0225099
9 0.580263 0.595974 0.255454 0.0209431
9 0.571631 0.698463 0.176334 0.0199025
9 0.582319 0.695397 0.199772 0.0189948
9 0.607255 0.211371 0.165673 0.0200639
9 0.58021 0.212067 0.202732 0.0211816
5 0.29405 0.102505 0.0452827 0.0234792
9 0.631692 0.522727 0.396623 0.0209388
9 0.581662 0.734233 0.436881 0.0151672
5 0.586648 0.291405 0.0565641 0.0244974
9 0.603079 0.680482 0.270848 0.0208217
4 0.78653 0.0951633 0.260353 0.0300621
9 0.577688 0.478113 0.468999 0.0196061
9 0.581486 0.608945 0.490475 0.0152397
9 0.565404 0.736461 0.404099 0.0204449
9 0.572617 0.212316 0.287966 0.0210287
9 0.586028 0.569918 0.494135 0.0195546
4 0.577486 0.350189 0.568187 0.0198976
4 0.581629 0.186172 0.309074 0.114305
4 0.583247 0.205317 0.306288 0.16711
4 0.585444 0.572131 0.490616 0.014487
